      2/39    0.589G   0.02354  0.004471         0   0.01141   0.03942        24       768    0.9739         1    0.9945    0.7141   0.01262  0.002271         0
      3/39    0.442G   0.02238  0.004189         0  0.009887   0.03645        21       704    0.9734         1    0.9942    0.7153   0.01261  0.002244         0
      4/39     8.38G   0.02151  0.003852         0  0.009152   0.03452        18       704    0.9685         1    0.9956    0.7084   0.01262  0.002222         0
      5/39    0.296G   0.02117  0.003854         0  0.008607   0.03363        23       416    0.9746         1    0.9957    0.7124   0.01245  0.002231         0
      6/39    0.703G   0.02094  0.003711         0  0.008683   0.03333        29       864    0.9704         1    0.9955    0.7092    0.0125  0.002248         0
      7/39    0.308G   0.02063   0.00367         0   0.00819   0.03249        27       576    0.9797         1    0.9956    0.7187   0.01195  0.002141         0
      8/39      9.2G   0.02064  0.003759         0  0.008042   0.03245        28       704     0.981         1    0.9963    0.7143   0.01215  0.002203         0
      9/39    0.239G   0.02015  0.003512         0  0.007751   0.03141        24       352    0.9737         1    0.9962    0.7236   0.01193  0.002149         0
     10/39    0.948G   0.02035  0.003419         0  0.007854   0.03162        26       928    0.9823         1    0.9964    0.7256    0.0118  0.002121         0
     11/39      8.7G   0.02025  0.003539         0  0.007715    0.0315        31       736     0.967         1     0.996    0.7272    0.0117   0.00215         0
     12/39      8.7G   0.02002  0.003366         0  0.007604   0.03099        28       416    0.9799         1    0.9957    0.7268   0.01172  0.002158         0
     13/39     8.71G   0.02016  0.003386         0  0.007737   0.03129        27       576     0.985         1    0.9964    0.7285   0.01162  0.002156         0
     14/39    0.231G   0.01996  0.003392         0  0.007521   0.03088        27       384    0.9815         1    0.9964    0.7282   0.01165   0.00216         0
     15/39    0.331G   0.01967  0.003334         0  0.007256   0.03026        23       480    0.9817         1    0.9966    0.7286   0.01155  0.002238         0
     16/39     0.31G   0.01973  0.003372         0  0.007185   0.03029        24       512    0.9841         1    0.9966    0.7297   0.01154  0.002154         0
     17/39    0.493G    0.0196  0.003362         0  0.007101   0.03007        29       640    0.9845         1    0.9966    0.7294   0.01157   0.00221         0
     18/39     8.35G    0.0195  0.003285         0  0.006978   0.02976        22       352    0.9834         1    0.9966    0.7289   0.01153  0.002172         0
     19/39    0.422G   0.01949  0.003332         0   0.00695   0.02977        28       608    0.9816         1    0.9964    0.7282   0.01151  0.002212         0
     20/39     8.79G   0.01913  0.003296         0  0.006637   0.02906        28       352    0.9827         1    0.9964    0.7276    0.0115  0.002202         0
     21/39    0.797G   0.01938  0.003305         0  0.006675   0.02936        28       896    0.9838         1    0.9964    0.7274   0.01153  0.002193         0
     22/39    0.495G   0.01898  0.003331         0  0.006468   0.02878        26       672    0.9843         1    0.9964     0.727   0.01152  0.002188         0
     23/39     8.47G   0.01912  0.003176         0  0.006562   0.02886        23       352    0.9847         1    0.9965    0.7274   0.01151  0.002179         0
     24/39    0.289G   0.01879   0.00316         0  0.006324   0.02827        22       544    0.9851         1    0.9965    0.7281   0.01149  0.002175         0
     25/39     8.06G   0.01893   0.00317         0  0.006264   0.02837        22       480    0.9854         1    0.9965    0.7281   0.01148  0.002169         0
     26/39     8.06G   0.01864  0.003273         0  0.006086     0.028        21       352    0.9856         1    0.9965    0.7279   0.01148   0.00217         0
     27/39     8.06G   0.01872   0.00319         0  0.006005   0.02791        26       608    0.9859         1    0.9965    0.7278   0.01148  0.002166         0
     28/39    0.872G   0.01861  0.003156         0  0.005968   0.02774        24       960    0.9865         1    0.9966    0.7283   0.01148  0.002161         0
     29/39     8.54G   0.01839  0.003204         0  0.005759   0.02735        29       960    0.9871         1    0.9966    0.7287   0.01147  0.002154         0
     30/39     8.54G   0.01854  0.003166         0  0.005789    0.0275        19       640    0.9875         1    0.9966    0.7281   0.01147   0.00215         0
     31/39     8.54G   0.01838  0.003053         0  0.005713   0.02715        24       672    0.9877         1    0.9966    0.7284   0.01147  0.002148         0
     32/39     8.54G   0.01819   0.00317         0  0.005445    0.0268        33       960    0.9878         1    0.9967    0.7285   0.01146  0.002142         0
     33/39     8.54G   0.01801   0.00312         0  0.005453   0.02659        30       736    0.9884         1    0.9967    0.7287   0.01146  0.002136         0
     34/39     8.54G   0.01803  0.003174         0  0.005372   0.02658        23       736    0.9885         1    0.9967    0.7288   0.01146   0.00213         0
     35/39     8.54G   0.01825   0.00319         0  0.005293   0.02673        23       736    0.9887         1    0.9968    0.7292   0.01145  0.002124         0
     36/39     8.54G    0.0178  0.003051         0  0.005172   0.02602        23       896     0.989         1    0.9968    0.7292   0.01145  0.002121         0
     37/39     8.54G   0.01794  0.003104         0  0.005221   0.02626        25       544    0.9898         1    0.9969    0.7294   0.01144  0.002117         0
     38/39     0.21G   0.01793  0.002902         0  0.005229   0.02606        24       320    0.9901         1    0.9969    0.7296   0.01144  0.002113         0
     39/39     8.07G   0.01781  0.003037         0  0.005108   0.02595        27       576    0.9905         1    0.9969    0.7297   0.01143  0.002107         0
